-605831344 18049296 -1817494032 18049296 1247761280 18049296 -605831344 -1211662688 0 18049296 
18049296 1853592624 1229711984 -605831344 -1817494032 623880640 -1817494032 1853592624 0 0 
-1817494032 1229711984 1247761280 18049296 -605831344 0 1247761280 1853592624 1853592624 18049296 
18049296 -605831344 18049296 -1817494032 1229711984 623880640 0 -1211662688 1853592624 -1835543328 
1247761280 -1817494032 -605831344 1229711984 1247761280 623880640 -1817494032 1229711984 623880640 0 
18049296 623880640 0 623880640 623880640 1853592624 1853592624 1229711984 -605831344 623880640 
-605831344 -1817494032 1247761280 0 -1817494032 1853592624 1853592624 1853592624 -1211662688 18049296 
-1211662688 1853592624 1853592624 -1211662688 1229711984 1229711984 1853592624 -605831344 1247761280 1247761280 
0 0 1853592624 1853592624 623880640 -605831344 -1211662688 1247761280 1229711984 18049296 
18049296 0 18049296 -1835543328 0 623880640 18049296 1247761280 18049296 18049296 

-1721984280 0 1286491508 138501988 -1721984280 0 -1147989520 1998988256 -1147989520 -1147989520 
0 -435492772 138501988 -573994760 0 1860486268 138501988 712496748 1998988256 712496748 
1286491508 138501988 712496748 -1721984280 -1721984280 1286491508 1998988256 0 0 712496748 
138501988 -573994760 -1721984280 -573994760 1860486268 1286491508 1860486268 1998988256 -573994760 -573994760 
-1721984280 0 -1721984280 1860486268 -1147989520 0 712496748 1860486268 -1721984280 1860486268 
0 1860486268 1286491508 1286491508 0 -1147989520 -1721984280 -1721984280 1286491508 0 
-1147989520 138501988 1998988256 1860486268 712496748 -1721984280 -435492772 -573994760 1998988256 -1721984280 
1998988256 712496748 0 1998988256 1860486268 -1721984280 -573994760 712496748 1860486268 712496748 
-1147989520 1998988256 0 -573994760 -1721984280 1286491508 1998988256 1860486268 -1721984280 -1147989520 
-1147989520 712496748 712496748 -573994760 1860486268 0 -1721984280 712496748 -1147989520 1286491508 
